9.64297986031
51.283727169
8.97731399536
2.65535497665
4.0378909111
4.69231700897
73.1482419968
7.58420491219
9.05409216881
138.737246037
6.80036902428
29.4966509342
71.7613790035
6.50825595856
9.57865905762
110.711661816
65.6426911354
50.1969709396
26.8195271492
22.6042158604
18.0736539364
12.9481401443
80.4902689457
30.7044420242
26.5291690826
29.0910937786
4.54730820656
6.70925688744
17.5079510212
49.0016560555
24.7179429531
3.37077093124
46.901170969
5.05870604515
6.4099509716
40.4050960541
10.1583330631
5.50498795509
22.8360478878
75.9239451885
31.140887022
6.82073283195
11.4797971249
87.7265388966
12.0515301228
16.815793991
5.43458795547
55.6320180893
2.35347080231
11.2527821064
19.8971879482
3.1309299469
62.3675680161
10.340223074
2.7873680591
3.78322100639
98.7528350353
103.256333828
204.115733147
93.5811760426
29.0800368786
8.00853800774
18.7835791111
43.5046658516
78.6903960705
63.9637479782
22.2846550941
42.3457398415
3.78151607513
123.65854001
45.4337239265
27.1339969635
74.3306281567
53.0609638691
19.6392109394
20.2626650333
14.6189279556
8.61872005463
17.9366509914
22.8118619919
0.50831818580
100.10660696
28.658413887
5.46288299561
7.81664395332
9.53509807587
54.3306770325
4.76563692093
46.5274670124
7.515988111
2.85115695
1.60664010048
9.62592196465
18.4697179794
60.5053699017
20.8037371635
70.5000917912
36.0144360065
134.078911066
9.62674093246
